tweet_id,favorites,retweets,user_followers,user_favourites,date_time
892420643555336193,36297,7725,8773685,146003,2017-08-01 16:23:56+00:00
892177421306343426,31293,5718,8774391,146004,2017-08-01 00:17:27+00:00
891815181378084864,23569,3786,8773686,146003,2017-07-31 00:18:03+00:00
891689557279858688,39583,7880,8774392,146004,2017-07-30 15:58:51+00:00
891327558926688256,37789,8506,8774392,146004,2017-07-29 16:00:24+00:00
891087950875897856,19040,2848,8774392,146004,2017-07-29 00:08:17+00:00
890971913173991426,11089,1855,8774392,146004,2017-07-28 16:27:12+00:00
890729181411237888,61139,17242,8774392,146004,2017-07-28 00:22:40+00:00
890609185150312448,26198,3925,8774392,146004,2017-07-27 16:25:51+00:00
890240255349198849,29935,6718,8774392,146004,2017-07-26 15:59:51+00:00
890006608113172480,28827,6702,8773686,146003,2017-07-26 00:31:25+00:00
889880896479866881,26214,4565,8774391,146004,2017-07-25 16:11:53+00:00
889665388333682689,45134,9152,8774391,146004,2017-07-25 01:55:32+00:00
889638837579907072,25398,4108,8774391,146004,2017-07-25 00:10:02+00:00
889531135344209921,14212,2061,8774391,146004,2017-07-24 17:02:04+00:00
889278841981685760,23680,4873,8773685,146003,2017-07-24 00:19:32+00:00
888917238123831296,27364,4116,8773685,146003,2017-07-23 00:22:39+00:00
888804989199671297,24039,3881,8774391,146004,2017-07-22 16:56:37+00:00
888554962724278272,18562,3185,8773685,146003,2017-07-22 00:23:06+00:00
888078434458587136,20461,3166,8774392,146004,2017-07-20 16:49:33+00:00
887705289381826560,28431,4921,8773686,146003,2017-07-19 16:06:48+00:00
887517139158093824,43599,10771,8773686,146003,2017-07-19 03:39:09+00:00
887473957103951883,64601,16461,8774392,146004,2017-07-19 00:47:34+00:00
887343217045368832,31637,9571,8773686,146003,2017-07-18 16:08:03+00:00
887101392804085760,28782,5452,8773686,146003,2017-07-18 00:07:08+00:00
886983233522544640,32850,7018,8773686,146003,2017-07-17 16:17:36+00:00
886736880519319552,11270,2940,8773686,146003,2017-07-16 23:58:41+00:00
886680336477933568,21121,4086,8773686,146003,2017-07-16 20:14:00+00:00
886366144734445568,19878,2894,8774392,146004,2017-07-15 23:25:31+00:00
886267009285017600,111,4,8774392,146004,2017-07-15 16:51:35+00:00
886258384151887873,26309,5776,8774392,146004,2017-07-15 16:17:19+00:00
886054160059072513,0,100,8773686,146003,2017-07-15 02:45:48+00:00
885984800019947520,30610,6143,8773686,146003,2017-07-14 22:10:11+00:00
885528943205470208,33798,5847,8773686,146003,2017-07-13 15:58:47+00:00
885518971528720385,19249,3408,8774392,146004,2017-07-13 15:19:09+00:00
885311592912609280,0,16943,8774392,146004,2017-07-13 01:35:06+00:00
885167619883638784,20595,3999,8773686,146003,2017-07-12 16:03:00+00:00
884925521741709313,72534,16558,8773686,146003,2017-07-12 00:01:00+00:00
884876753390489601,26196,5109,8773686,146003,2017-07-11 20:47:12+00:00
884562892145688576,22839,4301,8773686,146003,2017-07-11 00:00:02+00:00
884441805382717440,25463,5213,8774392,146004,2017-07-10 15:58:53+00:00
884247878851493888,68230,18602,8774392,146004,2017-07-10 03:08:17+00:00
884162670584377345,19185,2738,8773686,146003,2017-07-09 21:29:42+00:00
883838122936631299,20557,3145,8773686,146003,2017-07-09 00:00:04+00:00
883482846933004288,43067,9036,8774392,146004,2017-07-08 00:28:19+00:00
883360690899218434,21319,3388,8774392,146004,2017-07-07 16:22:55+00:00
883117836046086144,34866,6072,8774393,146004,2017-07-07 00:17:54+00:00
882992080364220416,22448,3563,8774393,146004,2017-07-06 15:58:11+00:00
882762694511734784,26585,4478,8773687,146003,2017-07-06 00:46:41+00:00
882627270321602560,26305,5562,8774393,146004,2017-07-05 15:48:34+00:00
882268110199369728,42156,10592,8774393,146004,2017-07-04 16:01:23+00:00
882045870035918850,27553,4471,8774393,146004,2017-07-04 01:18:17+00:00
881906580714921986,22875,3112,8774393,146004,2017-07-03 16:04:48+00:00
881666595344535552,47594,9774,8774393,146004,2017-07-03 00:11:11+00:00
881633300179243008,117,7,8773687,146003,2017-07-02 21:58:53+00:00
881536004380872706,46486,14611,8774393,146004,2017-07-02 15:32:16+00:00
881268444196462592,21850,4823,8774393,146004,2017-07-01 21:49:04+00:00
880935762899988482,16048,2552,8774393,146004,2017-06-30 23:47:07+00:00
880872448815771648,20013,3508,8774393,146004,2017-06-30 19:35:32+00:00
880465832366813184,26804,5696,8774393,146004,2017-06-29 16:39:47+00:00
880221127280381952,25363,3813,8774393,146004,2017-06-29 00:27:25+00:00
880095782870896641,25997,3977,8773687,146003,2017-06-28 16:09:20+00:00
879862464715927552,21048,3207,8773687,146003,2017-06-28 00:42:13+00:00
879674319642796034,297,10,8773687,146003,2017-06-27 12:14:36+00:00
879492040517615616,22084,2916,8774393,146004,2017-06-27 00:10:17+00:00
879415818425184262,99485,40661,8774393,146004,2017-06-26 19:07:24+00:00
879376492567855104,15812,2864,8773687,146003,2017-06-26 16:31:08+00:00
879130579576475649,0,6235,8773687,146003,2017-06-26 00:13:58+00:00
879050749262655488,21215,4300,8773687,146003,2017-06-25 18:56:45+00:00
879008229531029506,17883,2463,8773688,146003,2017-06-25 16:07:47+00:00
878776093423087618,18220,3748,8773688,146003,2017-06-25 00:45:22+00:00
878604707211726852,28352,6520,8774394,146004,2017-06-24 13:24:20+00:00
878404777348136964,0,1181,8773688,146003,2017-06-24 00:09:53+00:00
878316110768087041,0,6110,8774394,146004,2017-06-23 18:17:33+00:00
878281511006478336,7285,1181,8773688,146003,2017-06-23 16:00:04+00:00
878057613040115712,39641,6235,8774394,146004,2017-06-23 01:10:23+00:00
877736472329191424,74619,17391,8774394,146004,2017-06-22 03:54:17+00:00
877611172832227328,0,73,8773688,146003,2017-06-21 19:36:23+00:00
877556246731214848,21389,3495,8774394,146004,2017-06-21 15:58:08+00:00
877316821321428993,25810,4774,8773688,146003,2017-06-21 00:06:44+00:00
877201837425926144,25518,5124,8774394,146004,2017-06-20 16:29:50+00:00
876838120628539392,19493,3063,8774394,146004,2017-06-19 16:24:33+00:00
876537666061221889,22280,4305,8773688,146003,2017-06-18 20:30:39+00:00
876484053909872640,17692,2180,8773688,146003,2017-06-18 16:57:37+00:00
876120275196170240,26374,4294,8774394,146004,2017-06-17 16:52:05+00:00
875747767867523072,23723,3926,8773688,146003,2017-06-16 16:11:53+00:00
875144289856114688,20661,4514,8774394,146004,2017-06-15 00:13:52+00:00
875097192612077568,25886,5595,8773688,146003,2017-06-14 21:06:43+00:00
875021211251597312,24049,4348,8773688,146003,2017-06-14 16:04:48+00:00
874680097055178752,26240,4264,8773688,146003,2017-06-13 17:29:20+00:00
874434818259525634,0,13386,8773688,146003,2017-06-13 01:14:41+00:00
874296783580663808,24592,3781,8773688,146003,2017-06-12 16:06:11+00:00
874057562936811520,21450,3669,8773688,146003,2017-06-12 00:15:36+00:00
874012996292530176,32383,9451,8774394,146004,2017-06-11 21:18:31+00:00
873580283840344065,22876,3626,8774394,146004,2017-06-10 16:39:04+00:00
873337748698140672,0,1473,8774394,146004,2017-06-10 00:35:19+00:00
873213775632977920,6773,1473,8774394,146004,2017-06-09 16:22:42+00:00
872967104147763200,25797,5004,8774394,146004,2017-06-09 00:02:31+00:00
872820683541237760,13935,3438,8774394,146004,2017-06-08 14:20:41+00:00
872620804844003328,19586,3369,8774394,146004,2017-06-08 01:06:27+00:00
872486979161796608,38563,8349,8773688,146003,2017-06-07 16:14:40+00:00
872122724285648897,32498,7488,8774394,146004,2017-06-06 16:07:15+00:00
871879754684805121,35598,10178,8773688,146003,2017-06-06 00:01:46+00:00
871762521631449091,19155,3233,8774394,146004,2017-06-05 16:15:56+00:00
871515927908634625,19118,3224,8774394,146004,2017-06-04 23:56:03+00:00
871166179821445120,0,5291,8773688,146003,2017-06-04 00:46:17+00:00
871102520638267392,19832,5116,8774394,146004,2017-06-03 20:33:19+00:00
871032628920680449,21569,3552,8773688,146003,2017-06-03 15:55:36+00:00
870804317367881728,31897,5744,8774394,146004,2017-06-03 00:48:22+00:00
870726314365509632,115,3,8773688,146003,2017-06-02 19:38:25+00:00
870656317836468226,11735,2454,8774394,146004,2017-06-02 15:00:16+00:00
870374049280663552,78730,24601,8774394,146004,2017-06-01 20:18:38+00:00
870308999962521604,20811,3865,8773688,146003,2017-06-01 16:00:09+00:00
870063196459192321,34699,7738,8773688,146003,2017-05-31 23:43:25+00:00
869772420881756160,40395,9406,8774394,146004,2017-05-31 04:27:59+00:00
869702957897576449,26851,5873,8774394,146004,2017-05-30 23:51:58+00:00
869596645499047938,15175,2910,8774394,146004,2017-05-30 16:49:31+00:00
869227993411051520,19423,3525,8773688,146003,2017-05-29 16:24:37+00:00
868880397819494401,62232,13466,8774394,146004,2017-05-28 17:23:24+00:00
868639477480148993,0,1938,8773688,146003,2017-05-28 01:26:04+00:00
868622495443632128,25420,4951,8773688,146003,2017-05-28 00:18:35+00:00
868552278524837888,9605,1938,8774394,146004,2017-05-27 19:39:34+00:00
867900495410671616,23062,3910,8773688,146003,2017-05-26 00:29:37+00:00
867774946302451713,32390,6878,8773688,146003,2017-05-25 16:10:44+00:00
867421006826221569,15336,2330,8774394,146004,2017-05-24 16:44:18+00:00
867072653475098625,0,112,8774394,146004,2017-05-23 17:40:04+00:00
867051520902168576,30736,7383,8773688,146003,2017-05-23 16:16:06+00:00
866720684873056260,19126,4493,8773688,146003,2017-05-22 18:21:28+00:00
866686824827068416,18415,3274,8774394,146004,2017-05-22 16:06:55+00:00
866450705531457537,116705,33052,8773688,146003,2017-05-22 00:28:40+00:00
866334964761202691,50078,13386,8773688,146003,2017-05-21 16:48:45+00:00
866094527597207552,0,7870,8773688,146003,2017-05-21 00:53:21+00:00
865718153858494464,24521,5284,8773688,146003,2017-05-19 23:57:46+00:00
865359393868664832,25311,4708,8774394,146004,2017-05-19 00:12:11+00:00
865006731092295680,26802,7239,8773688,146003,2017-05-18 00:50:50+00:00
864873206498414592,30894,8182,8774394,146004,2017-05-17 16:00:15+00:00
864279568663928832,13955,2845,8773688,146003,2017-05-16 00:41:21+00:00
864197398364647424,28736,8337,8774394,146004,2017-05-15 19:14:50+00:00
863907417377173506,19740,3902,8773688,146003,2017-05-15 00:02:33+00:00
863553081350529029,14634,3952,8773688,146003,2017-05-14 00:34:33+00:00
863471782782697472,0,2293,8774394,146004,2017-05-13 19:11:30+00:00
863432100342583297,22806,4951,8774394,146004,2017-05-13 16:33:49+00:00
863427515083354112,2118,91,8774394,146004,2017-05-13 16:15:35+00:00
863079547188785154,8434,1048,8773688,146003,2017-05-12 17:12:53+00:00
863062471531167744,8121,2293,8774394,146004,2017-05-12 16:05:02+00:00
862831371563274240,18422,4861,8773688,146003,2017-05-12 00:46:44+00:00
862722525377298433,16415,3344,8773688,146003,2017-05-11 17:34:13+00:00
862457590147678208,19648,4663,8773688,146003,2017-05-11 00:01:27+00:00
862096992088072192,71355,21916,8773688,146003,2017-05-10 00:08:34+00:00
861383897657036800,34697,10147,8773689,146003,2017-05-08 00:54:59+00:00
861288531465048066,16501,3921,8774395,146004,2017-05-07 18:36:02+00:00
861005113778896900,16066,3618,8774395,146004,2017-05-06 23:49:50+00:00
860981674716409858,0,2038,8774395,146004,2017-05-06 22:16:42+00:00
860924035999428608,0,761,8774395,146004,2017-05-06 18:27:40+00:00
860563773140209665,7207,2038,8774395,146004,2017-05-05 18:36:06+00:00
860524505164394496,22746,5047,8774395,146004,2017-05-05 16:00:04+00:00
860276583193509888,17702,3330,8774395,146004,2017-05-04 23:34:55+00:00
860184849394610176,16083,5561,8773689,146003,2017-05-04 17:30:24+00:00
860177593139703809,0,29414,8774395,146004,2017-05-04 17:01:34+00:00
859924526012018688,18865,3902,8774395,146004,2017-05-04 00:15:58+00:00
859851578198683649,14878,3341,8774395,146004,2017-05-03 19:26:06+00:00
859607811541651456,17960,1488,8773689,146003,2017-05-03 03:17:27+00:00
859196978902773760,86615,28723,8774395,146004,2017-05-02 00:04:57+00:00
859074603037188101,32642,13006,8774395,146004,2017-05-01 15:58:40+00:00
858860390427611136,0,7747,8773689,146003,2017-05-01 01:47:28+00:00
858843525470990336,15056,3326,8773689,146003,2017-05-01 00:40:27+00:00
858471635011153920,20793,4642,8773689,146003,2017-04-30 00:02:42+00:00
858107933456039936,15238,2780,8774395,146004,2017-04-28 23:57:28+00:00
857989990357356544,15573,2482,8773689,146003,2017-04-28 16:08:49+00:00
857746408056729600,33161,10177,8774395,146004,2017-04-28 00:00:54+00:00
857393404942143489,5706,1573,8773689,146003,2017-04-27 00:38:11+00:00
857263160327368704,19434,4330,8773689,146003,2017-04-26 16:00:39+00:00
857214891891077121,219,17,8774395,146004,2017-04-26 12:48:51+00:00
857062103051644929,0,164,8774395,146004,2017-04-26 02:41:43+00:00
857029823797047296,18302,3825,8774395,146004,2017-04-26 00:33:27+00:00
856543823941562368,15853,2774,8773689,146003,2017-04-24 16:22:16+00:00
856526610513747968,11522,1803,8773689,146003,2017-04-24 15:13:52+00:00
856330835276025856,0,646,8773689,146003,2017-04-24 02:15:55+00:00
856288084350160898,501,15,8773689,146003,2017-04-23 23:26:03+00:00
856282028240666624,26965,6055,8774395,146004,2017-04-23 23:01:59+00:00
855862651834028034,329,25,8773689,146003,2017-04-22 19:15:32+00:00
855860136149123072,4788,941,8773689,146003,2017-04-22 19:05:32+00:00
855857698524602368,11549,2039,8773689,146003,2017-04-22 18:55:51+00:00
855851453814013952,44497,17389,8774395,146004,2017-04-22 18:31:02+00:00
855818117272018944,25967,5239,8773689,146003,2017-04-22 16:18:34+00:00
855459453768019968,29064,7944,8774395,146004,2017-04-21 16:33:22+00:00
855245323840757760,0,5764,8773689,146003,2017-04-21 02:22:29+00:00
855138241867124737,0,43,8773689,146003,2017-04-20 19:16:59+00:00
854732716440526848,22233,5878,8773689,146003,2017-04-19 16:25:34+00:00
854482394044301312,28618,6665,8774395,146004,2017-04-18 23:50:52+00:00
854365224396361728,18459,4545,8773689,146003,2017-04-18 16:05:17+00:00
854120357044912130,31271,7256,8774395,146004,2017-04-17 23:52:16+00:00
854010172552949760,15882,3059,8774395,146004,2017-04-17 16:34:26+00:00
853760880890318849,27971,5580,8774395,146004,2017-04-17 00:03:50+00:00
853639147608842240,33974,9772,8774395,146004,2017-04-16 16:00:07+00:00
853299958564483072,15183,3461,8773689,146003,2017-04-15 17:32:18+00:00
852936405516943360,0,1945,8774395,146004,2017-04-14 17:27:40+00:00
852912242202992640,8871,1769,8773689,146003,2017-04-14 15:51:39+00:00
852672615818899456,14638,2105,8774395,146004,2017-04-13 23:59:28+00:00
852553447878664193,16011,3387,8773689,146003,2017-04-13 16:05:56+00:00
852311364735569921,32572,9715,8773689,146003,2017-04-13 00:03:59+00:00
852226086759018497,19630,6688,8774395,146004,2017-04-12 18:25:07+00:00
852189679701164033,11274,1554,8773689,146003,2017-04-12 16:00:27+00:00
851861385021730816,0,19,8774395,146004,2017-04-11 18:15:55+00:00
851591660324737024,16023,3406,8773689,146003,2017-04-11 00:24:08+00:00
851464819735769094,23897,6910,8773689,146003,2017-04-10 16:00:07+00:00
851224888060895234,20376,5621,8774395,146004,2017-04-10 00:06:42+00:00
850753642995093505,30360,8966,8774395,146004,2017-04-08 16:54:09+00:00
850380195714523136,12917,2563,8774395,146004,2017-04-07 16:10:12+00:00
850333567704068097,3414,321,8773689,146003,2017-04-07 13:04:55+00:00
850145622816686080,16120,3725,8773689,146003,2017-04-07 00:38:06+00:00
850019790995546112,20156,4790,8774395,146004,2017-04-06 16:18:05+00:00
849776966551130114,30066,7471,8773689,146003,2017-04-06 00:13:11+00:00
849668094696017920,0,4874,8773689,146003,2017-04-05 17:00:34+00:00
849412302885593088,15686,3108,8773689,146003,2017-04-05 00:04:08+00:00
849336543269576704,11294,1869,8774395,146004,2017-04-04 19:03:06+00:00
849051919805034497,41864,8350,8774395,146004,2017-04-04 00:12:06+00:00
848690551926992896,24930,4254,8774395,146004,2017-04-03 00:16:10+00:00
848324959059550208,24465,4552,8773689,146003,2017-04-02 00:03:26+00:00
848213670039564288,8093,721,8773689,146003,2017-04-01 16:41:12+00:00
848212111729840128,16168,2998,8773689,146003,2017-04-01 16:35:01+00:00
847978865427394560,0,3215,8773690,146003,2017-04-01 01:08:10+00:00
847971574464610304,0,426,8774396,146004,2017-04-01 00:39:12+00:00
847962785489326080,23286,5015,8774396,146004,2017-04-01 00:04:17+00:00
847842811428974592,5394,1316,8773690,146003,2017-03-31 16:07:33+00:00
847617282490613760,6929,410,8773690,146003,2017-03-31 01:11:22+00:00
847606175596138505,18611,3384,8774396,146004,2017-03-31 00:27:14+00:00
847251039262605312,20337,4264,8773691,146003,2017-03-30 00:56:03+00:00
847157206088847362,19721,5779,8774397,146004,2017-03-29 18:43:12+00:00
847116187444137987,21307,3142,8773691,146003,2017-03-29 16:00:12+00:00
846874817362120707,19939,3885,8773691,146003,2017-03-29 00:01:05+00:00
846514051647705089,44312,11439,8773691,146003,2017-03-28 00:07:32+00:00
846505985330044928,14009,3041,8773691,146003,2017-03-27 23:35:28+00:00
846153765933735936,31411,8956,8774397,146004,2017-03-27 00:15:53+00:00
846139713627017216,30843,9917,8774397,146004,2017-03-26 23:20:02+00:00
846042936437604353,15885,2835,8774397,146004,2017-03-26 16:55:29+00:00
845812042753855489,29063,8623,8773691,146003,2017-03-26 01:38:00+00:00
845677943972139009,25053,4750,8773691,146003,2017-03-25 16:45:08+00:00
845397057150107648,7599,1790,8774397,146004,2017-03-24 22:08:59+00:00
845306882940190720,23226,5344,8773691,146003,2017-03-24 16:10:40+00:00
845098359547420673,0,7585,8773691,146003,2017-03-24 02:22:04+00:00
844979544864018432,13566,2537,8774397,146004,2017-03-23 18:29:57+00:00
844973813909606400,15011,3165,8773692,146003,2017-03-23 18:07:10+00:00
844580511645339650,16395,3101,8774398,146004,2017-03-22 16:04:20+00:00
844223788422217728,13593,2183,8774398,146004,2017-03-21 16:26:50+00:00
843981021012017153,15134,2925,8773693,146003,2017-03-21 00:22:10+00:00
843856843873095681,21390,4588,8774399,146004,2017-03-20 16:08:44+00:00
843604394117681152,16827,2728,8774399,146004,2017-03-19 23:25:35+00:00
843235543001513987,21459,5991,8774399,146004,2017-03-18 22:59:54+00:00
842846295480000512,15250,3621,8773693,146003,2017-03-17 21:13:10+00:00
842765311967449089,6714,1277,8774399,146004,2017-03-17 15:51:22+00:00
842535590457499648,18060,3489,8774399,146004,2017-03-17 00:38:32+00:00
842163532590374912,24413,5764,8774399,146004,2017-03-16 00:00:07+00:00
842115215311396866,13954,3019,8774399,146004,2017-03-15 20:48:07+00:00
841833993020538882,0,15035,8773693,146003,2017-03-15 02:10:39+00:00
841680585030541313,25696,7780,8773693,146003,2017-03-14 16:01:03+00:00
841439858740625411,12644,3675,8773693,146003,2017-03-14 00:04:30+00:00
841320156043304961,19786,5485,8774399,146004,2017-03-13 16:08:50+00:00
841314665196081154,15828,4641,8773693,146003,2017-03-13 15:47:01+00:00
841077006473256960,22859,5291,8774399,146004,2017-03-13 00:02:39+00:00
840761248237133825,0,1764,8774398,146004,2017-03-12 03:07:56+00:00
840728873075638272,0,16107,8773692,146003,2017-03-12 00:59:17+00:00
840698636975636481,174,2,8774398,146004,2017-03-11 22:59:09+00:00
840696689258311684,12291,972,8773692,146003,2017-03-11 22:51:24+00:00
840632337062862849,9009,1764,8774398,146004,2017-03-11 18:35:42+00:00
840370681858686976,16458,4536,8774398,146004,2017-03-11 01:15:58+00:00
840268004936019968,19274,5729,8774398,146004,2017-03-10 18:27:58+00:00
839990271299457024,13430,2276,8773692,146003,2017-03-10 00:04:21+00:00
839549326359670784,27498,7747,8773692,146003,2017-03-08 18:52:12+00:00
839290600511926273,0,144,8773692,146003,2017-03-08 01:44:07+00:00
839239871831150596,27163,6530,8773692,146003,2017-03-07 22:22:32+00:00
838952994649550848,19680,4005,8773692,146003,2017-03-07 03:22:35+00:00
838921590096166913,11187,2068,8773692,146003,2017-03-07 01:17:48+00:00
838916489579200512,0,35,8774398,146004,2017-03-07 00:57:32+00:00
838831947270979586,0,11011,8774398,146004,2017-03-06 19:21:35+00:00
838561493054533637,10961,1339,8774398,146004,2017-03-06 01:26:54+00:00
838476387338051585,22550,4777,8774398,146004,2017-03-05 19:48:43+00:00
838201503651401729,0,10077,8773692,146003,2017-03-05 01:36:26+00:00
838150277551247360,1677,332,8773692,146003,2017-03-04 22:12:52+00:00
838085839343206401,139,1,8773692,146003,2017-03-04 17:56:49+00:00
838083903487373313,17675,3142,8774398,146004,2017-03-04 17:49:08+00:00
837820167694528512,34233,7870,8773692,146003,2017-03-04 00:21:08+00:00
837482249356513284,3857,443,8773692,146003,2017-03-03 01:58:22+00:00
837471256429613056,12849,2279,8773692,146003,2017-03-03 01:14:41+00:00
837110210464448512,16120,2370,8773692,146003,2017-03-02 01:20:01+00:00
836989968035819520,12815,2293,8774398,146004,2017-03-01 17:22:13+00:00
836753516572119041,19388,4654,8774398,146004,2017-03-01 01:42:39+00:00
836677758902222849,12660,2233,8773692,146003,2017-02-28 20:41:37+00:00
836648853927522308,0,556,8773692,146003,2017-02-28 18:46:45+00:00
836397794269200385,0,27594,8774398,146004,2017-02-28 02:09:08+00:00
836380477523124226,14821,3002,8773692,146003,2017-02-28 01:00:19+00:00
836260088725786625,21401,4316,8773692,146003,2017-02-27 17:01:56+00:00
836001077879255040,19161,4282,8774398,146004,2017-02-26 23:52:43+00:00
835685285446955009,0,8165,8774398,146004,2017-02-26 02:57:52+00:00
835574547218894849,17873,3637,8774398,146004,2017-02-25 19:37:50+00:00
835536468978302976,0,1708,8774398,146004,2017-02-25 17:06:32+00:00
835309094223372289,0,21047,8774398,146004,2017-02-25 02:03:02+00:00
835297930240217089,16551,3029,8774398,146004,2017-02-25 01:18:40+00:00
835264098648616962,7777,1708,8774398,146004,2017-02-24 23:04:14+00:00
835246439529840640,2113,73,8773692,146003,2017-02-24 21:54:03+00:00
835172783151792128,26287,5793,8774398,146004,2017-02-24 17:01:22+00:00
835152434251116546,22516,3035,8774398,146004,2017-02-24 15:40:31+00:00
834931633769889797,10859,1652,8774398,146004,2017-02-24 01:03:08+00:00
834786237630337024,21447,5526,8774398,146004,2017-02-23 15:25:23+00:00
834574053763584002,13747,2552,8773692,146003,2017-02-23 01:22:14+00:00
834477809192075265,0,10712,8773692,146003,2017-02-22 18:59:48+00:00
834458053273591808,9678,1694,8773692,146003,2017-02-22 17:41:18+00:00
834209720923721728,20723,4782,8774398,146004,2017-02-22 01:14:30+00:00
834167344700198914,15918,3683,8774398,146004,2017-02-21 22:26:07+00:00
834089966724603904,10108,2150,8774398,146004,2017-02-21 17:18:39+00:00
834086379323871233,13147,2222,8774398,146004,2017-02-21 17:04:24+00:00
833863086058651648,13498,2421,8774398,146004,2017-02-21 02:17:06+00:00
833826103416520705,18154,3800,8774398,146004,2017-02-20 23:50:09+00:00
833732339549220864,0,222,8773692,146003,2017-02-20 17:37:34+00:00
833722901757046785,20932,3244,8774398,146004,2017-02-20 17:00:04+00:00
833479644947025920,14939,2066,8773692,146003,2017-02-20 00:53:27+00:00
833124694597443584,20335,4874,8774398,146004,2017-02-19 01:23:00+00:00
832998151111966721,13354,2218,8774398,146004,2017-02-18 17:00:10+00:00
832769181346996225,0,39,8773692,146003,2017-02-18 01:50:19+00:00
832757312314028032,16968,3654,8774398,146004,2017-02-18 01:03:09+00:00
832682457690300417,11970,2939,8774398,146004,2017-02-17 20:05:43+00:00
832645525019123713,2954,535,8773692,146003,2017-02-17 17:38:57+00:00
832636094638288896,15966,2815,8774398,146004,2017-02-17 17:01:29+00:00
832397543355072512,12046,2234,8773692,146003,2017-02-17 01:13:34+00:00
832369877331693569,17303,3215,8774398,146004,2017-02-16 23:23:38+00:00
832273440279240704,11436,2356,8773692,146003,2017-02-16 17:00:25+00:00
832215909146226688,0,6251,8773692,146003,2017-02-16 13:11:49+00:00
832215726631055365,0,9411,8774398,146004,2017-02-16 13:11:05+00:00
832088576586297345,63,2,8774398,146004,2017-02-16 04:45:50+00:00
832040443403784192,0,9700,8773692,146003,2017-02-16 01:34:34+00:00
832032802820481025,18004,4699,8774398,146004,2017-02-16 01:04:13+00:00
831939777352105988,24210,6192,8773692,146003,2017-02-15 18:54:34+00:00
831926988323639298,338,34,8774398,146004,2017-02-15 18:03:45+00:00
831911600680497154,27821,6561,8774398,146004,2017-02-15 17:02:36+00:00
831670449226514432,10535,1840,8773692,146003,2017-02-15 01:04:21+00:00
831650051525054464,7208,1945,8774398,146004,2017-02-14 23:43:18+00:00
831552930092285952,9055,2332,8773692,146003,2017-02-14 17:17:22+00:00
831322785565769729,9351,1564,8774398,146004,2017-02-14 02:02:51+00:00
831315979191906304,6599,1133,8774398,146004,2017-02-14 01:35:49+00:00
831309418084069378,11855,2484,8773692,146003,2017-02-14 01:09:44+00:00
831262627380748289,12013,2066,8774398,146004,2017-02-13 22:03:49+00:00
830956169170665475,8051,1512,8773692,146003,2017-02-13 01:46:03+00:00
830583320585068544,67460,16944,8773692,146003,2017-02-12 01:04:29+00:00
830173239259324417,0,5739,8774398,146004,2017-02-10 21:54:58+00:00
830097400375152640,9896,2980,8774398,146004,2017-02-10 16:53:37+00:00
829878982036299777,0,5080,8774398,146004,2017-02-10 02:25:42+00:00
829861396166877184,12341,1971,8773692,146003,2017-02-10 01:15:49+00:00
829501995190984704,32056,10712,8774398,146004,2017-02-09 01:27:41+00:00
829449946868879360,10555,2045,8774398,146004,2017-02-08 22:00:52+00:00
829141528400556032,24644,7436,8773692,146003,2017-02-08 01:35:19+00:00
829011960981237760,53616,16469,8773692,146003,2017-02-07 17:00:28+00:00
828801551087042563,0,3452,8773692,146003,2017-02-07 03:04:22+00:00
828770345708580865,25827,5933,8774398,146004,2017-02-07 01:00:22+00:00
828708714936930305,36874,11302,8773692,146003,2017-02-06 20:55:28+00:00
828650029636317184,9613,1365,8773692,146003,2017-02-06 17:02:17+00:00
828409743546925057,6412,1178,8774398,146004,2017-02-06 01:07:28+00:00
828408677031882754,7751,1305,8774398,146004,2017-02-06 01:03:14+00:00
828381636999917570,12715,2238,8773692,146003,2017-02-05 23:15:47+00:00
828376505180889089,7453,1083,8774398,146004,2017-02-05 22:55:23+00:00
828372645993398273,12680,2978,8773692,146003,2017-02-05 22:40:03+00:00
828361771580813312,2215,173,8774398,146004,2017-02-05 21:56:51+00:00
828046555563323392,11884,2907,8773692,146003,2017-02-05 01:04:17+00:00
828011680017821696,10464,2170,8773692,146003,2017-02-04 22:45:42+00:00
827933404142436356,20321,5310,8774398,146004,2017-02-04 17:34:40+00:00
827653905312006145,15657,3052,8773692,146003,2017-02-03 23:04:02+00:00
827600520311402496,7522,955,8773692,146003,2017-02-03 19:31:54+00:00
827324948884643840,16034,3098,8773692,146003,2017-02-03 01:16:53+00:00
827199976799354881,10696,2250,8774398,146004,2017-02-02 17:00:17+00:00
826958653328592898,21826,5078,8773692,146003,2017-02-02 01:01:21+00:00
826848821049180160,36786,10303,8774398,146004,2017-02-01 17:44:55+00:00
826615380357632002,0,4035,8774398,146004,2017-02-01 02:17:19+00:00
826598799820865537,5173,257,8773692,146003,2017-02-01 01:11:25+00:00
826598365270007810,10162,2377,8773692,146003,2017-02-01 01:09:42+00:00
826476773533745153,18629,4249,8774398,146004,2017-01-31 17:06:32+00:00
826240494070030336,13456,2643,8773692,146003,2017-01-31 01:27:39+00:00
826204788643753985,4931,936,8774398,146004,2017-01-30 23:05:46+00:00
826115272272650244,15843,3179,8773692,146003,2017-01-30 17:10:04+00:00
825876512159186944,10604,1898,8773692,146003,2017-01-30 01:21:19+00:00
825829644528148480,12883,2522,8773692,146003,2017-01-29 22:15:05+00:00
825535076884762624,57472,17760,8773692,146003,2017-01-29 02:44:34+00:00
825147591692263424,18536,4600,8774398,146004,2017-01-28 01:04:51+00:00
825120256414846976,0,1281,8773692,146003,2017-01-27 23:16:13+00:00
825026590719483904,6388,1281,8773692,146003,2017-01-27 17:04:02+00:00
824796380199809024,0,5573,8773692,146003,2017-01-27 01:49:15+00:00
824775126675836928,15135,3572,8774398,146004,2017-01-27 00:24:48+00:00
824663926340194305,10223,1768,8773692,146003,2017-01-26 17:02:56+00:00
824325613288833024,11976,10665,8774398,146004,2017-01-25 18:38:36+00:00
824297048279236611,15265,3928,8774398,146004,2017-01-25 16:45:05+00:00
824025158776213504,4884,605,8774398,146004,2017-01-24 22:44:42+00:00
823939628516474880,10757,2750,8774398,146004,2017-01-24 17:04:50+00:00
823719002937630720,0,11370,8774398,146004,2017-01-24 02:28:08+00:00
823699002998870016,14174,2556,8774398,146004,2017-01-24 01:08:40+00:00
823581115634085888,13209,2665,8773692,146003,2017-01-23 17:20:14+00:00
823333489516937216,708,25,8773692,146003,2017-01-23 00:56:15+00:00
823322678127919110,15943,4092,8774398,146004,2017-01-23 00:13:17+00:00
823269594223824897,0,10048,8774398,146004,2017-01-22 20:42:21+00:00
822975315408461824,17538,3507,8774398,146004,2017-01-22 01:12:59+00:00
822872901745569793,133418,43978,8773692,146003,2017-01-21 18:26:02+00:00
822859134160621569,13467,2320,8774398,146004,2017-01-21 17:31:20+00:00
822647212903690241,0,6514,8774398,146004,2017-01-21 03:29:14+00:00
822610361945911296,15036,3007,8773692,146003,2017-01-21 01:02:48+00:00
822489057087389700,18411,6515,8773692,146003,2017-01-20 17:00:46+00:00
822462944365645825,28483,14577,8773692,146003,2017-01-20 15:17:01+00:00
822244816520155136,35463,10048,8773692,146003,2017-01-20 00:50:15+00:00
822163064745328640,0,4861,8774398,146004,2017-01-19 19:25:24+00:00
821886076407029760,11487,2352,8773692,146003,2017-01-19 01:04:45+00:00
821813639212650496,0,3411,8773692,146003,2017-01-18 20:16:54+00:00
821765923262631936,8546,1685,8773692,146003,2017-01-18 17:07:18+00:00
821522889702862852,8155,1797,8774398,146004,2017-01-18 01:01:34+00:00
821421320206483457,0,5693,8774399,146004,2017-01-17 18:17:58+00:00
821407182352777218,11962,4422,8774399,146004,2017-01-17 17:21:47+00:00
821153421864615936,259,10,8773693,146003,2017-01-17 00:33:26+00:00
821149554670182400,8784,2028,8773693,146003,2017-01-17 00:18:04+00:00
821107785811234820,9746,2173,8774399,146004,2017-01-16 21:32:06+00:00
821044531881721856,12848,2323,8773693,146003,2017-01-16 17:20:45+00:00
820837357901512704,0,6856,8773693,146003,2017-01-16 03:37:31+00:00
820749716845686786,32067,10077,8773693,146003,2017-01-15 21:49:15+00:00
820690176645140481,12396,3288,8774399,146004,2017-01-15 17:52:40+00:00
820494788566847489,0,573,8773694,146003,2017-01-15 04:56:16+00:00
820446719150292993,0,2617,8774400,146004,2017-01-15 01:45:15+00:00
820314633777061888,3398,573,8773694,146003,2017-01-14 17:00:24+00:00
820078625395449857,20133,6405,8773694,146003,2017-01-14 01:22:35+00:00
820013781606658049,0,1201,8773694,146003,2017-01-13 21:04:55+00:00
819952236453363712,5411,1201,8773694,146003,2017-01-13 17:00:21+00:00
819924195358416896,13094,4957,8774400,146004,2017-01-13 15:08:56+00:00
819711362133872643,13617,3171,8773694,146003,2017-01-13 01:03:12+00:00
819588359383371776,9797,2028,8774400,146004,2017-01-12 16:54:26+00:00
819347104292290561,7336,1230,8773694,146003,2017-01-12 00:55:47+00:00
819238181065359361,2312,414,8773694,146003,2017-01-11 17:42:57+00:00
819227688460238848,23450,6856,8774400,146004,2017-01-11 17:01:16+00:00
819015337530290176,0,37539,8774400,146004,2017-01-11 02:57:27+00:00
819015331746349057,0,19302,8773694,146003,2017-01-11 02:57:26+00:00
819006400881917954,46002,19302,8774400,146004,2017-01-11 02:21:57+00:00
819004803107983360,88321,37539,8773694,146003,2017-01-11 02:15:36+00:00
818646164899774465,0,21415,8773694,146003,2017-01-10 02:30:30+00:00
818627210458333184,22782,7682,8773694,146003,2017-01-10 01:15:10+00:00
818614493328580609,10011,2614,8773694,146003,2017-01-10 00:24:38+00:00
818588835076603904,0,6274,8774400,146004,2017-01-09 22:42:41+00:00
818536468981415936,11088,2513,8773694,146003,2017-01-09 19:14:36+00:00
818307523543449600,0,8256,8774400,146004,2017-01-09 04:04:51+00:00
818259473185828864,11220,2318,8774400,146004,2017-01-09 00:53:55+00:00
818145370475810820,12509,2618,8773694,146003,2017-01-08 17:20:31+00:00
817908911860748288,4943,820,8774400,146004,2017-01-08 01:40:55+00:00
817827839487737858,52612,27594,8773694,146003,2017-01-07 20:18:46+00:00
817777686764523521,10930,2745,8774400,146004,2017-01-07 16:59:28+00:00
817536400337801217,11967,3028,8774400,146004,2017-01-07 01:00:41+00:00
817502432452313088,0,3467,8774400,146004,2017-01-06 22:45:43+00:00
817423860136083457,34483,15035,8773694,146003,2017-01-06 17:33:29+00:00
817415592588222464,5704,972,8773694,146003,2017-01-06 17:00:38+00:00
817181837579653120,0,8640,8774400,146004,2017-01-06 01:31:47+00:00
817171292965273600,8933,2064,8773694,146003,2017-01-06 00:49:53+00:00
817120970343411712,12431,2654,8774400,146004,2017-01-05 21:29:55+00:00
817056546584727552,8744,1679,8774400,146004,2017-01-05 17:13:55+00:00
816829038950027264,0,4805,8774400,146004,2017-01-05 02:09:53+00:00
816816676327063552,10205,2079,8773694,146003,2017-01-05 01:20:46+00:00
816697700272001025,9983,2239,8773694,146003,2017-01-04 17:27:59+00:00
816450570814898180,31022,8256,8774400,146004,2017-01-04 01:05:59+00:00
816336735214911488,8761,1985,8773694,146003,2017-01-03 17:33:39+00:00
816091915477250048,9090,2187,8773694,146003,2017-01-03 01:20:49+00:00
816062466425819140,0,1049,8773694,146003,2017-01-02 23:23:48+00:00
816014286006976512,0,5393,8774400,146004,2017-01-02 20:12:21+00:00
815990720817401858,5056,1049,8774400,146004,2017-01-02 18:38:42+00:00
815966073409433600,22841,8640,8773694,146003,2017-01-02 17:00:46+00:00
815745968457060357,0,4232,8774400,146004,2017-01-02 02:26:09+00:00
815736392542261248,10039,2320,8773694,146003,2017-01-02 01:48:06+00:00
815639385530101762,8375,1681,8774400,146004,2017-01-01 19:22:38+00:00
815390420867969024,10568,3890,8774400,146004,2017-01-01 02:53:20+00:00
814986499976527872,7794,1303,8774400,146004,2016-12-31 00:08:17+00:00
814638523311648768,11486,2762,8774400,146004,2016-12-30 01:05:33+00:00
814578408554463233,0,5961,8774400,146004,2016-12-29 21:06:41+00:00
814530161257443328,8820,1906,8773694,146003,2016-12-29 17:54:58+00:00
814153002265309185,29363,8877,8774400,146004,2016-12-28 16:56:16+00:00
813944609378369540,0,3254,8774400,146004,2016-12-28 03:08:11+00:00
813910438903693312,9486,1908,8773694,146003,2016-12-28 00:52:25+00:00
813812741911748608,37162,14298,8773694,146003,2016-12-27 18:24:12+00:00
813800681631023104,8489,1805,8773694,146003,2016-12-27 17:36:16+00:00
813217897535406080,19011,7462,8774400,146004,2016-12-26 03:00:30+00:00
813202720496779264,9425,1848,8774400,146004,2016-12-26 02:00:11+00:00
813187593374461952,20288,4467,8774400,146004,2016-12-26 01:00:05+00:00
813172488309972993,9460,1972,8774400,146004,2016-12-26 00:00:03+00:00
813157409116065792,7930,2267,8774400,146004,2016-12-25 23:00:08+00:00
813142292504645637,8647,2438,8774400,146004,2016-12-25 22:00:04+00:00
813130366689148928,4573,457,8773694,146003,2016-12-25 21:12:41+00:00
813127251579564032,12097,3203,8774400,146004,2016-12-25 21:00:18+00:00
813112105746448384,10534,2804,8773694,146003,2016-12-25 20:00:07+00:00
813096984823349248,10775,3700,8774400,146004,2016-12-25 19:00:02+00:00
813081950185472002,10093,2835,8774400,146004,2016-12-25 18:00:17+00:00
813066809284972545,8127,2000,8774400,146004,2016-12-25 17:00:08+00:00
813051746834595840,21416,7537,8774400,146004,2016-12-25 16:00:16+00:00
812781120811126785,7735,1952,8773694,146003,2016-12-24 22:04:54+00:00
812709060537683968,6758,1465,8773694,146003,2016-12-24 17:18:34+00:00
812503143955202048,6199,1250,8773694,146003,2016-12-24 03:40:19+00:00
812466873996607488,8138,1981,8773694,146003,2016-12-24 01:16:12+00:00
812372279581671427,13946,3752,8774400,146004,2016-12-23 19:00:19+00:00
811985624773361665,7415,1437,8773694,146003,2016-12-22 17:23:53+00:00
811744202451197953,7702,1637,8773694,146003,2016-12-22 01:24:33+00:00
811647686436880384,5733,760,8773694,146003,2016-12-21 19:01:02+00:00
811627233043480576,13048,3157,8774400,146004,2016-12-21 17:39:46+00:00
811386762094317568,21393,6538,8774400,146004,2016-12-21 01:44:13+00:00
810984652412424192,5455,1471,8773694,146003,2016-12-19 23:06:23+00:00
810896069567610880,9221,1811,8773694,146003,2016-12-19 17:14:23+00:00
810657578271330305,11218,2719,8773694,146003,2016-12-19 01:26:42+00:00
810284430598270976,36053,11583,8774400,146004,2016-12-18 00:43:57+00:00
810254108431155201,15031,3452,8773694,146003,2016-12-17 22:43:27+00:00
809920764300447744,15866,4035,8773694,146003,2016-12-17 00:38:52+00:00
809808892968534016,0,5019,8773694,146003,2016-12-16 17:14:20+00:00
809448704142938112,7090,1500,8774399,146004,2016-12-15 17:23:04+00:00
809220051211603969,20367,5739,8774399,146004,2016-12-15 02:14:29+00:00
809084759137812480,13535,3614,8774399,146004,2016-12-14 17:16:53+00:00
808838249661788160,10340,3124,8773693,146003,2016-12-14 00:57:20+00:00
808733504066486276,8084,2220,8773693,146003,2016-12-13 18:01:07+00:00
808501579447930884,11548,2673,8774399,146004,2016-12-13 02:39:32+00:00
808344865868283904,43536,21415,8774399,146004,2016-12-12 16:16:49+00:00
808134635716833280,0,6086,8774399,146004,2016-12-12 02:21:26+00:00
808106460588765185,8991,2259,8774399,146004,2016-12-12 00:29:28+00:00
808001312164028416,12818,3620,8773693,146003,2016-12-11 17:31:39+00:00
807621403335917568,14898,3724,8774399,146004,2016-12-10 16:22:02+00:00
807106840509214720,121011,56919,8773693,146003,2016-12-09 06:17:20+00:00
807059379405148160,0,7531,8774399,146004,2016-12-09 03:08:45+00:00
807010152071229440,13360,3954,8774399,146004,2016-12-08 23:53:08+00:00
806629075125202948,76459,35596,8773693,146003,2016-12-07 22:38:52+00:00
806620845233815552,0,5675,8774399,146004,2016-12-07 22:06:10+00:00
806576416489959424,5002,1993,8773693,146003,2016-12-07 19:09:37+00:00
806542213899489280,10456,2416,8773693,146003,2016-12-07 16:53:43+00:00
806242860592926720,0,11937,8773693,146003,2016-12-06 21:04:11+00:00
806219024703037440,6581,1221,8773693,146003,2016-12-06 19:29:28+00:00
805958939288408065,0,5504,8774399,146004,2016-12-06 02:15:59+00:00
805932879469572096,8471,1967,8774399,146004,2016-12-06 00:32:26+00:00
805826884734976000,6716,1878,8774399,146004,2016-12-05 17:31:15+00:00
805823200554876929,0,8242,8774399,146004,2016-12-05 17:16:37+00:00
805520635690676224,5880,1706,8773693,146003,2016-12-04 21:14:20+00:00
805487436403003392,8989,2583,8773693,146003,2016-12-04 19:02:24+00:00
805207613751304193,8010,1758,8773693,146003,2016-12-04 00:30:29+00:00
804738756058218496,14003,3919,8774399,146004,2016-12-02 17:27:25+00:00
804475857670639616,6283,2066,8774399,146004,2016-12-02 00:02:45+00:00
804413760345620481,0,3319,8774399,146004,2016-12-01 19:56:00+00:00
804026241225523202,45521,16583,8773692,146003,2016-11-30 18:16:08+00:00
803773340896923648,10301,2820,8773692,146003,2016-11-30 01:31:12+00:00
803692223237865472,0,7621,8773692,146003,2016-11-29 20:08:52+00:00
803638050916102144,11202,4248,8774398,146004,2016-11-29 16:33:36+00:00
803380650405482500,7952,1910,8774398,146004,2016-11-28 23:30:47+00:00
803321560782307329,0,5464,8774398,146004,2016-11-28 19:35:59+00:00
803276597545603072,10263,2523,8774398,146004,2016-11-28 16:37:19+00:00
802952499103731712,9227,2063,8774398,146004,2016-11-27 19:09:28+00:00
802624713319034886,0,2985,8774398,146004,2016-11-26 21:26:58+00:00
802600418706604034,7268,1509,8773692,146003,2016-11-26 19:50:26+00:00
802572683846291456,9137,2577,8773692,146003,2016-11-26 18:00:13+00:00
802323869084381190,16598,5989,8773692,146003,2016-11-26 01:31:31+00:00
802265048156610565,6926,1412,8774398,146004,2016-11-25 21:37:47+00:00
802239329049477120,9290,2690,8774398,146004,2016-11-25 19:55:35+00:00
802185808107208704,0,279,8774398,146004,2016-11-25 16:22:55+00:00
801958328846974976,7924,1755,8773692,146003,2016-11-25 01:18:59+00:00
801854953262350336,1816,243,8774398,146004,2016-11-24 18:28:13+00:00
801538201127157760,8415,2117,8773692,146003,2016-11-23 21:29:33+00:00
801285448605831168,6197,845,8774398,146004,2016-11-23 04:45:12+00:00
801167903437357056,25037,6086,8774398,146004,2016-11-22 20:58:07+00:00
801127390143516673,0,4053,8774398,146004,2016-11-22 18:17:08+00:00
801115127852503040,8270,2159,8773692,146003,2016-11-22 17:28:25+00:00
800859414831898624,699,98,8774398,146004,2016-11-22 00:32:18+00:00
800855607700029440,0,1655,8773692,146003,2016-11-22 00:17:10+00:00
800751577355128832,10798,2867,8773692,146003,2016-11-21 17:23:47+00:00
800513324630806528,13432,3066,8774398,146004,2016-11-21 01:37:04+00:00
800459316964663297,9721,2229,8773692,146003,2016-11-20 22:02:27+00:00
800443802682937345,0,4422,8774398,146004,2016-11-20 21:00:48+00:00
